name: intactness
channels:
  - conda-forge
  - bioconda
dependencies:
  - blast=2.16.0=h461d46c_3
  - bzip2=1.0.8=hfdf4475_7
  - c-ares=1.11.0=0
  - ca-certificates=2025.7.14=hbd8a1cb_0
  - certifi=2025.7.14=pyhd8ed1ab_0
  - curl=7.71.1=hcb81553_8
  - entrez-direct=22.4=h193322a_0
  - krb5=1.17.2=h60d9502_0
  - libasprintf=0.25.1=h27064b9_0
  - libcurl=7.71.1=h9bf37e3_8
  - libcxx=20.1.8=h3d58e20_1
  - libedit=3.1.20250104=pl5321ha958ccf_0
  - libev=4.33=h10d778d_2
  - libexpat=2.7.1=h21dd04a_0
  - libffi=3.4.6=h281671d_1
  - libgettextpo=0.25.1=h27064b9_0
  - libiconv=1.18=h4b5e92a_1
  - libidn2=2.3.8=he8ff88c_0
  - libintl=0.25.1=h27064b9_0
  - liblzma=5.8.1=hd471939_2
  - liblzma-devel=5.8.1=hd471939_2
  - libnghttp2=1.41.0=h8a08a2b_1
  - libsqlite=3.46.0=h1b8f9f3_0
  - libssh2=1.10.0=h7535e13_3
  - libunistring=0.9.10=h0d85af4_0
  - libzlib=1.2.13=h87427d6_6
  - llvm-openmp=20.1.8=hf4e0ed4_0
  - ncbi-vdb=3.2.1=h5fa12a8_0
  - ncurses=6.5=h0622a9a_3
  - openssl=1.1.1w=h8a1eda9_0
  - perl=5.26.2=hbcb3906_1008
  - perl-archive-tar=2.32=pl526_0
  - perl-carp=1.38=pl526_3
  - perl-common-sense=3.74=pl526_2
  - perl-compress-raw-bzip2=2.087=pl526h6de7cb9_0
  - perl-compress-raw-zlib=2.087=pl526h770b8ee_0
  - perl-exporter=5.72=pl526_1
  - perl-exporter-tiny=1.002001=pl526_0
  - perl-extutils-makemaker=7.36=pl526_1
  - perl-io-compress=2.087=pl526h6de7cb9_0
  - perl-io-zlib=1.10=pl526_2
  - perl-json=4.02=pl526_0
  - perl-json-xs=2.34=pl526h04f5b5a_3
  - perl-list-moreutils=0.428=pl526_1
  - perl-list-moreutils-xs=0.428=pl526_0
  - perl-pathtools=3.75=pl526h1de35cc_1
  - perl-scalar-list-utils=1.52=pl526h01d97ff_0
  - perl-types-serialiser=1.0=pl526_2
  - perl-xsloader=0.24=pl526_0
  - pip=25.1.1=pyh8b19718_0
  - python=3.10.8=h4150a38_0_cpython
  - readline=8.2=h7cca4af_2
  - rpsbproc=0.5.0=h43736c0_1
  - setuptools=80.9.0=pyhff2d567_0
  - tk=8.6.13=h1abcd95_1
  - tzdata=2025b=h78e105d_0
  - wget=1.20.3=h52ee1ee_1
  - wheel=0.45.1=pyhd8ed1ab_1
  - xz=5.8.1=h357f2ed_2
  - xz-gpl-tools=5.8.1=hd471939_2
  - xz-tools=5.8.1=hd471939_2
  - zlib=1.2.13=h87427d6_6
  - pip:
      - beautifulsoup4==4.13.4
      - biopython==1.85
      - charset-normalizer==3.4.2
      - idna==3.10
      - lxml==6.0.0
      - mechanicalsoup==0.11.0
      - muscle==0.0.4
      - numpy==2.2.6
      - pillow==11.3.0
      - pip-system-certs==5.2
      - pypdf2==3.0.1
      - reportlab==4.4.2
      - requests==2.32.4
      - scipy==1.15.3
      - six==1.17.0
      - soupsieve==2.7
      - typing-extensions==4.14.1
      - urllib3==2.5.0
